#Start of sensor data; each data point represents distance in centimeters 
133.29
131.36
128.78
127.51
124.89
123.46
121.34
119.17
117.36
114.97
112.9
110.96
108.95
106.78
105.26
102.86
100.86
98.63
96.57
95.2
92.89
90.56
88.45
86.33
84.95
82.77
80.39
78.34
76.8
75.03
72.38
70.81
69.0
66.69
64.37
62.95
60.94
58.6
56.36
54.88
52.23
50.65
48.62
46.21
43.8
42.15
40.33
38.59
36.42
34.53
32.36
29.76
27.67
26.45
24.29
22.47
19.55
17.96
15.84
13.76
11.9
53.72
52.96
51.23
50.51
49.95
49.08
47.73
46.7
45.76
45.03
44.45
43.03
42.47
41.09
40.25
38.9
38.29
37.19
36.46
35.94
34.99
33.98
32.47
31.94
30.98
29.48
29.11
28.13
27.35
26.42
25.31
23.67
22.67
22.69
21.22
19.98
19.68
18.67
17.05
16.93
15.37
14.14
13.49
13.1
11.97
11.24
60.07
57.38
54.27
52.23
49.09
46.19
43.52
40.97
38.7
35.37
32.54
30.3
27.99
24.9
22.19
19.6
17.16
14.12
11.71
124.15
123.47
123.17
121.55
121.55
119.94
119.35
118.86
118.08
117.12
116.79
115.27
114.54
114.31
113.65
112.89
111.78
110.76
109.88
109.12
108.33
107.79
107.09
106.11
104.99
104.94
104.16
102.87
102.45
101.67
101.09
100.25
98.81
98.38
97.28
96.78
95.7
95.58
94.97
94.22
92.76
92.52
91.87
90.84
90.14
89.09
88.71
87.61
86.73
85.97
85.46
84.46
83.55
82.3
82.28
81.46
80.57
79.55
79.13
78.37
77.21
76.02
75.85
75.28
73.64
73.07
72.5
71.73
70.53
70.2
69.73
68.93
67.63
67.27
66.11
65.89
65.16
64.16
62.69
62.79
62.03
60.97
60.27
59.49
58.05
57.26
56.87
56.49
55.09
54.58
53.73
53.07
52.61
51.18
51.04
50.3
48.73
48.72
47.61
46.93
45.53
44.71
44.06
43.82
42.94
42.27
41.39
40.65
39.47
39.08
38.21
37.37
36.12
35.58
35.07
33.85
33.07
32.61
31.97
30.82
30.21
29.96
28.49
27.72
26.93
26.83
25.14
24.4
23.93
23.39
22.48
21.87
21.1
19.97
19.39
18.4
17.67
16.55
16.1
15.25
14.21
13.57
12.58
12.22
11.6
10.73
128.85
127.99
127.5
126.09
125.98
124.7
123.39
123.11
122.32
121.52
120.2
119.53
118.51
118.23
117.05
117.03
115.9
114.98
113.78
113.54
112.73
111.97
110.94
109.56
108.99
108.18
107.91
106.94
105.97
104.69
104.57
103.78
102.77
102.1
101.37
100.71
99.87
98.52
97.79
97.35
95.84
95.05
94.67
93.79
92.71
92.13
91.01
90.52
89.2
88.65
88.34
86.89
86.65
86.04
85.02
83.89
83.54
82.44
81.37
80.16
80.25
78.72
77.95
77.81
76.21
75.71
74.51
74.12
73.7
72.72
72.03
71.35
69.93
69.19
68.41
67.74
66.95
66.15
65.05
64.81
63.88
62.97
61.86
60.69
60.07
59.78
58.66
57.97
57.05
55.75
55.27
54.96
54.05
52.55
52.51
51.52
50.76
49.21
48.71
48.03
46.83
46.56
45.99
44.79
43.51
43.53
42.13
41.26
40.96
39.74
39.32
38.6
37.82
36.44
35.88
34.94
34.36
33.86
32.35
31.87
30.81
29.83
29.12
28.19
27.92
27.18
26.12
24.99
24.47
23.98
23.11
22.27
21.44
20.77
19.38
19.07
17.59
16.55
16.26
15.34
14.18
13.98
13.46
12.37
11.76
10.68
168.71
168.63
167.24
166.56
165.55
164.41
163.6
162.92
162.71
161.22
160.42
160.02
159.06
158.9
157.14
157.1
155.79
155.29
154.8
153.5
152.59
152.18
150.67
150.28
149.7
148.55
147.72
147.18
146.18
145.04
144.76
# Some repair happened in the robot
143.56
142.77
141.97
141.73
140.66
139.63
139.1
137.83
137.63
136.83
136.22
134.62
134.27
133.32
132.67
131.97
130.7
130.06
129.41
128.96
127.99
126.39
125.67
124.89
124.29
123.56
122.4
121.6
121.07
120.4
119.2
119.28
118.46
116.88
116.25
115.08
114.97
114.19
113.05
112.79
111.09
110.51
110.31
109.4
108.78
107.68
106.48
106.15
105.3
104.68
103.57
# End of  sensor data 
